version https://git-lfs.github.com/spec/v1
oid sha256:836996353085613c3ffc96b37f9023276ed0f00346142e322041468c56bcbd7e
size 6185
