version https://git-lfs.github.com/spec/v1
oid sha256:e4274a9c1fa7fb5ce06ab8adcaacb976e3c9464295697d1ba46e43357dd758ea
size 32
