version https://git-lfs.github.com/spec/v1
oid sha256:dea7a7576d6a238a695bf116b3759cee6bd446c2b7333fefe71a2ae2bede2f12
size 6175
