version https://git-lfs.github.com/spec/v1
oid sha256:7fe8c11933d19cb51791fc7a4e1c0e9118e7824a44c46c6d57b060d9101d73df
size 1435
