version https://git-lfs.github.com/spec/v1
oid sha256:c6d2455e1835693d7f93e8b092e1040efe1b8e5a0a73fbef4f1b41e9994af270
size 6256
