version https://git-lfs.github.com/spec/v1
oid sha256:8a81808c2cc10471fe9c2ecc98ae3f5db793d091d50378c0b81f25aa5b35f85b
size 12733
