version https://git-lfs.github.com/spec/v1
oid sha256:d545df44727fd3bdb15ea716bef41c93b0c8db3f484e2bf1c0d279af113e4d17
size 2063
