version https://git-lfs.github.com/spec/v1
oid sha256:4b10babf5db3f9086bdd80103626174035d2de67ad30294026ca9fd99a9a56f9
size 34
