version https://git-lfs.github.com/spec/v1
oid sha256:6b6a96a588915ceec489c029d890d49b06edb2754456ec94a1daa674d523f376
size 1303
