version https://git-lfs.github.com/spec/v1
oid sha256:f73129752b3e3926b7a7d120582173d75b3bb9c036d7e0a1cc9f276858c38978
size 5797
