version https://git-lfs.github.com/spec/v1
oid sha256:aee3493f0d87a79ac74b4865038d92897ac6194de36d0457c23cb5d612c585d5
size 2097
