version https://git-lfs.github.com/spec/v1
oid sha256:3e52503746a73ee3457aeb0b845e6577d5c7e04f9d9faeba1f43247acd4defa0
size 1794
