version https://git-lfs.github.com/spec/v1
oid sha256:7049c93454469197663157e4674706649fa237c983688860ffcbb0da74123b9f
size 3290
