version https://git-lfs.github.com/spec/v1
oid sha256:a7f083309cb6b7dba6665b09cb587d572505766ca0c3581cfe4508f804dcc323
size 108
