version https://git-lfs.github.com/spec/v1
oid sha256:cebdd8391066b104c0e2cca0688a5750e1100997ffbc09a75e2f991468dd37b0
size 17251
