version https://git-lfs.github.com/spec/v1
oid sha256:eeabc76c997e7533aa1004d0952ec8ffb5564043956e2636b2f4ad51165241b8
size 9225
