version https://git-lfs.github.com/spec/v1
oid sha256:e411196cdfd30aec0fe685f8045394567350e98aa31734e6fe69ff220340517e
size 232
